20180609_122605_xmark160.xml_1_QX1.log	1905	1848	1306	1534	1326	1633	1359	1819		1591
20180609_122605_xmark160.xml_1_QX2.log	455	466	441	687	437	434	433	680		504
20180609_122605_xmark160.xml_1_QX3.log	3695	3391	3611	3536	3707	3310	3525	3631		3551
20180609_122605_xmark160.xml_1_QX4.log	111763	63445	53070	9919	20227	9473	18259	19339		38187
20180609_122605_xmark160.xml_1_QX5.log	16128	2072	1674	2037	1923	1794	1772	1938		3667
20180609_122605_xmark160.xml_1_QX6.log	1320	1479	1539	1443	1611	1470	1302	1633		1475
20180609_122605_xmark160.xml_1_QX7.log	13915	3488	3514	3562	3513	4039	3744	3928		4963
20180611_080836_xmark160.xml_2_QX1.log	1725	1676	2647	1673	2105	1672	1729	1694		1865
20180611_080836_xmark160.xml_2_QX2.log	442	416	416	417	807	417	416	418		469
20180611_080836_xmark160.xml_2_QX3.log	2186	2222	2300	2509	2189	2186	2191	2443		2278
20180611_080836_xmark160.xml_2_QX4.log	3768	4013	4138	3565	3910	4588	4388	4292		4083
20180611_080836_xmark160.xml_2_QX5.log	1963	1833	1946	1978	1832	2024	2168	1831		1947
20180611_080836_xmark160.xml_2_QX6.log	1768	1499	1947	1493	1835	1495	1724	1486		1656
20180611_080836_xmark160.xml_2_QX7.log	4108	3826	4083	4064	3736	3865	3901	4096		3960
20180611_083619_xmark160.xml_4_QX1.log	1070	1467	1024	1025	1023	1408	1023	1021		1133
20180611_083619_xmark160.xml_4_QX2.log	208	229	762	203	203	268	204	415		312
20180611_083619_xmark160.xml_4_QX3.log	1301	1112	1067	1062	1055	1416	1231	1068		1164
20180611_083619_xmark160.xml_4_QX4.log	2094	1995	1909	1816	1887	1812	1751	1905		1896
20180611_083619_xmark160.xml_4_QX5.log	1932	2110	1934	1933	1963	1933	1935	2077		1977
20180611_083619_xmark160.xml_4_QX6.log	1607	1595	1821	1586	1592	2086	1589	1836		1714
20180611_083619_xmark160.xml_4_QX7.log	2109	2106	2069	2256	2377	2064	2060	2498		2192
20180611_092557_xmark160.xml_8_QX1.log	1445	1119	898	1041	907	925	901	1160		1050
20180611_092557_xmark160.xml_8_QX2.log	114	124	107	107	107	107	107	107		110
20180611_092557_xmark160.xml_8_QX3.log	589	595	682	568	569	568	751	795		640
20180611_092557_xmark160.xml_8_QX4.log	830	824	1179	1121	1078	786	1035	784		955
20180611_092557_xmark160.xml_8_QX5.log	1771	1890	1767	2166	1768	1928	1767	1882		1867
20180611_092557_xmark160.xml_8_QX6.log	1444	1622	1425	1794	1426	1764	1425	1608		1564
20180611_092557_xmark160.xml_8_QX7.log	2162	1842	1799	2111	1794	1791	1926	1790		1902
20180610_223137_xmark160.xml_16_QX1.log	401	1151	1393	350	351	1313	1010	1382		919
20180610_223137_xmark160.xml_16_QX2.log	121	77	63	63	63	130	313	87		115
20180610_223137_xmark160.xml_16_QX3.log	256	297	338	713	273	260	357	299		349
20180610_223137_xmark160.xml_16_QX4.log	1571	1357	422	409	504	394	420	424		688
20180610_223137_xmark160.xml_16_QX5.log	907	1888	2824	908	1072	906	1168	908		1323
20180610_223137_xmark160.xml_16_QX6.log	910	2193	1004	871	933	951	1005	856		1090
20180610_223137_xmark160.xml_16_QX7.log	680	836	776	728	822	682	746	808		760
20180610_223639_xmark160.xml_24_QX1.log	905	740	350	254	282	345	1065	312		532
20180610_223639_xmark160.xml_24_QX2.log	80	66	43	42	42	43	79	203		75
20180610_223639_xmark160.xml_24_QX3.log	218	215	204	222	190	170	210	192		203
20180610_223639_xmark160.xml_24_QX4.log	1123	311	347	398	306	984	308	327		513
20180610_223639_xmark160.xml_24_QX5.log	2219	668	758	769	669	668	760	703		902
20180610_223639_xmark160.xml_24_QX6.log	695	607	604	787	633	723	643	638		666
20180610_223639_xmark160.xml_24_QX7.log	529	624	429	567	1305	427	482	480		605
20180610_224654_xmark160.xml_32_QX1.log	277	188	269	190	210	244	778	189		293
20180610_224654_xmark160.xml_32_QX2.log	38	42	54	114	56	67	64	32		58
20180610_224654_xmark160.xml_32_QX3.log	182	194	168	179	154	143	215	218		182
20180610_224654_xmark160.xml_32_QX4.log	317	243	289	245	556	239	236	248		297
20180610_224654_xmark160.xml_32_QX5.log	526	571	509	621	510	514	581	533		546
20180610_224654_xmark160.xml_32_QX6.log	414	521	413	532	531	518	547	481		495
20180610_224654_xmark160.xml_32_QX7.log	362	471	366	382	503	389	456	369		412
20180610_225152_xmark160.xml_40_QX1.log	203	282	157	153	525	154	170	229		234
20180610_225152_xmark160.xml_40_QX2.log	33	40	69	26	57	26	34	25		39
20180610_225152_xmark160.xml_40_QX3.log	293	167	155	171	156	147	188	165		180
20180610_225152_xmark160.xml_40_QX4.log	210	267	224	624	214	587	225	207		320
20180610_225152_xmark160.xml_40_QX5.log	488	407	528	449	408	408	425	463		447
20180610_225152_xmark160.xml_40_QX6.log	358	367	444	424	359	387	341	341		378
20180610_225152_xmark160.xml_40_QX7.log	306	321	354	998	275	256	256	281		381
20180610_225612_xmark160.xml_48_QX1.log	553	143	162	190	129	155	153	180		208
20180610_225612_xmark160.xml_48_QX2.log	43	50	80	23	22	42	48	51		45
20180610_225612_xmark160.xml_48_QX3.log	146	133	142	130	115	114	140	147		133
20180610_225612_xmark160.xml_48_QX4.log	289	229	196	286	248	188	192	220		231
20180610_225612_xmark160.xml_48_QX5.log	365	440	366	349	403	337	407	361		379
20180610_225612_xmark160.xml_48_QX6.log	291	368	390	323	365	291	291	351		334
20180610_225612_xmark160.xml_48_QX7.log	259	333	837	289	279	228	344	233		350
20180610_230239_xmark160.xml_56_QX1.log	318	166	112	111	142	172	147	146		164
20180610_230239_xmark160.xml_56_QX2.log	38	48	40	27	27	28	33	40		35
20180610_230239_xmark160.xml_56_QX3.log	145	128	150	103	135	103	144	146		132
20180610_230239_xmark160.xml_56_QX4.log	200	241	498	170	177	177	166	174		225
20180610_230239_xmark160.xml_56_QX5.log	312	290	289	338	290	289	343	289		305
20180610_230239_xmark160.xml_56_QX6.log	301	236	242	291	297	236	299	267		271
20180610_230239_xmark160.xml_56_QX7.log	262	299	300	296	226	230	265	255		267
20180610_230630_xmark160.xml_64_QX1.log	467	253	137	126	142	159	126	165		197
20180610_230630_xmark160.xml_64_QX2.log	32	40	23	21	38	23	23	24		28
20180610_230630_xmark160.xml_64_QX3.log	140	135	122	120	113	125	124	134		127
20180610_230630_xmark160.xml_64_QX4.log	246	197	178	250	180	364	171	185		221
20180610_230630_xmark160.xml_64_QX5.log	306	295	258	345	257	685	256	301		338
20180610_230630_xmark160.xml_64_QX6.log	259	239	278	243	206	207	296	275		250
20180610_230630_xmark160.xml_64_QX7.log	266	268	259	225	276	220	198	196		239